INFO:root:iniciando el hilo de recepción de heartbeat
INFO:root:Se ha realizado la suscripción a la cola de mensajes
INFO:root:Señal de alive recibida a la hora: 2024-02-25 15:08:48.698
INFO:root:Señal de alive recibida a la hora: 2024-02-25 15:08:48.799
INFO:root:Señal de alive recibida a la hora: 2024-02-25 15:08:48.899
INFO:root:Señal de alive recibida a la hora: 2024-02-25 15:08:49.000
INFO:root:Se ha perdido la recepción de heartbeat
INFO:root:Señal de alive recibida a la hora: 2024-02-25 15:08:49.702
INFO:root:Señal de alive recibida a la hora: 2024-02-25 15:08:49.803
INFO:root:Señal de alive recibida a la hora: 2024-02-25 15:08:49.904
INFO:root:Señal de alive recibida a la hora: 2024-02-25 15:08:50.005
INFO:root:Señal de alive recibida a la hora: 2024-02-25 15:08:50.106
INFO:root:Señal de alive recibida a la hora: 2024-02-25 15:08:50.207
INFO:root:Señal de alive recibida a la hora: 2024-02-25 15:08:50.307
INFO:root:Señal de alive recibida a la hora: 2024-02-25 15:08:50.408
INFO:root:Señal de alive recibida a la hora: 2024-02-25 15:08:50.509
INFO:root:Señal de alive recibida a la hora: 2024-02-25 15:08:50.610
INFO:root:Señal de alive recibida a la hora: 2024-02-25 15:08:50.710
INFO:root:Señal de alive recibida a la hora: 2024-02-25 15:08:50.813
INFO:root:Señal de alive recibida a la hora: 2024-02-25 15:08:50.913
INFO:root:Señal de alive recibida a la hora: 2024-02-25 15:08:51.014
INFO:root:Señal de alive recibida a la hora: 2024-02-25 15:08:51.115
INFO:root:Se ha perdido la recepción de heartbeat
INFO:root:Señal de alive recibida a la hora: 2024-02-25 15:08:51.817
INFO:root:Señal de alive recibida a la hora: 2024-02-25 15:08:51.918
INFO:root:Señal de alive recibida a la hora: 2024-02-25 15:08:52.020
INFO:root:Señal de alive recibida a la hora: 2024-02-25 15:08:52.120
INFO:root:Se ha perdido la recepción de heartbeat
INFO:root:Señal de alive recibida a la hora: 2024-02-25 15:08:52.822
INFO:root:Señal de alive recibida a la hora: 2024-02-25 15:08:52.923
INFO:root:Señal de alive recibida a la hora: 2024-02-25 15:08:53.024
INFO:root:Señal de alive recibida a la hora: 2024-02-25 15:08:53.124
INFO:root:Se ha perdido la recepción de heartbeat
INFO:root:Señal de alive recibida a la hora: 2024-02-25 15:08:53.826
INFO:root:Señal de alive recibida a la hora: 2024-02-25 15:08:53.927
INFO:root:Señal de alive recibida a la hora: 2024-02-25 15:08:54.027
INFO:root:Señal de alive recibida a la hora: 2024-02-25 15:08:54.128
INFO:root:Se ha perdido la recepción de heartbeat
INFO:root:Señal de alive recibida a la hora: 2024-02-25 15:08:54.830
INFO:root:Señal de alive recibida a la hora: 2024-02-25 15:08:54.930
INFO:root:Señal de alive recibida a la hora: 2024-02-25 15:08:55.031
INFO:root:Señal de alive recibida a la hora: 2024-02-25 15:08:55.132
INFO:root:Señal de alive recibida a la hora: 2024-02-25 15:08:55.233
INFO:root:Señal de alive recibida a la hora: 2024-02-25 15:08:55.333
INFO:root:Señal de alive recibida a la hora: 2024-02-25 15:08:55.434
INFO:root:Señal de alive recibida a la hora: 2024-02-25 15:08:55.535
INFO:root:Señal de alive recibida a la hora: 2024-02-25 15:08:55.635
INFO:root:Señal de alive recibida a la hora: 2024-02-25 15:08:55.736
INFO:root:Señal de alive recibida a la hora: 2024-02-25 15:08:55.837
INFO:root:Señal de alive recibida a la hora: 2024-02-25 15:08:55.937
INFO:root:Señal de alive recibida a la hora: 2024-02-25 15:08:56.038
INFO:root:Señal de alive recibida a la hora: 2024-02-25 15:08:56.139
INFO:root:Señal de alive recibida a la hora: 2024-02-25 15:08:56.240
INFO:root:Señal de alive recibida a la hora: 2024-02-25 15:08:56.340
INFO:root:Señal de alive recibida a la hora: 2024-02-25 15:08:56.441
INFO:root:Señal de alive recibida a la hora: 2024-02-25 15:08:56.542
INFO:root:Señal de alive recibida a la hora: 2024-02-25 15:08:56.643
INFO:root:Señal de alive recibida a la hora: 2024-02-25 15:08:56.744
INFO:root:Señal de alive recibida a la hora: 2024-02-25 15:08:56.844
INFO:root:Señal de alive recibida a la hora: 2024-02-25 15:08:56.945
INFO:root:Señal de alive recibida a la hora: 2024-02-25 15:08:57.046
INFO:root:Señal de alive recibida a la hora: 2024-02-25 15:08:57.146
INFO:root:Señal de alive recibida a la hora: 2024-02-25 15:08:57.247
INFO:root:Señal de alive recibida a la hora: 2024-02-25 15:08:57.348
INFO:root:Señal de alive recibida a la hora: 2024-02-25 15:08:57.449
INFO:root:Señal de alive recibida a la hora: 2024-02-25 15:08:57.549
INFO:root:Se ha perdido la recepción de heartbeat
INFO:root:Señal de alive recibida a la hora: 2024-02-25 15:08:58.251
INFO:root:Señal de alive recibida a la hora: 2024-02-25 15:08:58.352
